10010110010
10000000100
101101000111
101101001010
11111010000
1110101010
1
0
101110100110
111101111001100000001
11000011010100000000
10001000101110000
10111011100000
100011010101010
100111111101100101100
110011000101001110
101100011111
1001011110000
1001101011000111111110011
1010111
1100111011
1111101000
10000000000
10111011100
100000000000
1001110001000
10000000000000
10011100010000
11000000111001
1111111111111111
11110100001000111111
100000000000000000000
1111111111111111111111111111111
10
11
100
101
110
111
1000
1001
1010
1011
1100
1111
10000
